	   2  -1.36602540378444     
           3  -1.25992104989487     
           4  -1.21978531467502     
           5  -1.19954625824491     
           6  -1.18765715951678     
           7  -1.17997709757712     
           8  -1.17468466971515     
           9  -1.17086337984330     
          10  -1.16800557448250     
          11  -1.16580899596530     
          12  -1.16408324916655     
          13  -1.16270286650120     
          14  -1.16158206081298     
          15  -1.16066035258574     
          16  -1.15989399231637     
          17  -1.15925063270927     
          18  -1.15870590397326     
          19  -1.15824114596174     
          20  -1.15784186678408     
          21  -1.15749667088156     
